,source_city,dest_city,geo_distance_km,measured_latency_ms,physics_latency_ms,is_anomaly
0,London,Paris,343.55606034104164,7.355899539161002,1.7177803017052082,0
1,London,Frankfurt,637.7668789118289,12.751049658143623,3.188834394559145,0
2,London,Amsterdam,357.8875011228778,6.786478531161603,1.789437505614389,0
3,London,Berlin,931.5694204688527,10.853223596370027,4.657847102344264,0
4,London,Zurich,776.2341438374208,9.693089286353272,3.881170719187104,0
5,London,Vienna,1235.408027341829,9.023997977098245,6.177040136709145,0
6,London,Rome,1433.7813071157893,10.559788315050506,7.168906535578947,0
7,Paris,Frankfurt,477.89165377032487,8.654688274815843,2.3894582688516244,0
8,Paris,Amsterdam,429.8613896967422,37.37278941234219,2.1493069484837113,1
9,Paris,Berlin,877.4633259175432,10.834741815415404,4.387316629587716,0
10,Paris,Zurich,487.8773490475774,6.371642739323426,2.4393867452378872,0
11,Paris,Vienna,1033.4922772841828,8.509868846834962,5.167461386420914,0
12,Paris,Rome,1105.2801487141146,10.659950161008743,5.526400743570573,0
13,Frankfurt,Amsterdam,363.4216583446053,7.891503943672524,1.8171082917230266,0
14,Frankfurt,Berlin,423.5280249380463,4.995965283718444,2.1176401246902317,0
15,Frankfurt,Zurich,304.1810276161854,6.618460536879748,1.520905138080927,0
16,Frankfurt,Vienna,597.6455836046576,9.80290855559667,2.9882279180232882,0
17,Frankfurt,Rome,958.7278338574287,15.03601953921264,4.793639169287143,0
18,Amsterdam,Berlin,576.0871999159892,8.699344507140976,2.8804359995799462,0
19,Amsterdam,Zurich,612.9263221594731,9.335909664418326,3.0646316107973655,0
20,Amsterdam,Vienna,935.4450575969296,12.32513915411941,4.677225287984648,0
21,Amsterdam,Rome,1295.9496221016386,12.007970674175603,6.4797481105081935,0
22,Berlin,Zurich,669.0830018616773,14.277565201870157,3.3454150093083865,0
23,Berlin,Vienna,523.5449953624505,8.94099120577812,2.617724976812253,0
24,Berlin,Rome,1182.5461961338704,9.028406636834767,5.912730980669352,0
25,Zurich,Vienna,592.0648666611066,8.520499116503727,2.9603243333055334,0
26,Zurich,Rome,684.1759092144201,10.145170200219079,3.4208795460721007,0
27,Vienna,Rome,764.1671614916593,12.099225348620648,3.8208358074582964,0
28,London,Paris,343.55606034104164,6.071441873188843,1.7177803017052082,0
29,London,Frankfurt,637.7668789118289,8.12722722512683,3.188834394559145,0
30,London,Amsterdam,357.8875011228778,8.281910788843879,1.789437505614389,0
31,London,Berlin,931.5694204688527,14.86944771275335,4.657847102344264,0
32,London,Zurich,776.2341438374208,12.596789571530872,3.881170719187104,0
33,London,Vienna,1235.408027341829,10.76133759198043,6.177040136709145,0
34,London,Rome,1433.7813071157893,12.387828584897267,7.168906535578947,0
35,Paris,Frankfurt,477.89165377032487,10.367692381350984,2.3894582688516244,0
36,Paris,Amsterdam,429.8613896967422,6.721637605891605,2.1493069484837113,0
37,Paris,Berlin,877.4633259175432,12.605528890896156,4.387316629587716,0
38,Paris,Zurich,487.8773490475774,10.319022540582077,2.4393867452378872,0
39,Paris,Vienna,1033.4922772841828,7.177143796335925,5.167461386420914,0
40,Paris,Rome,1105.2801487141146,8.504762542839574,5.526400743570573,0
41,Frankfurt,Amsterdam,363.4216583446053,7.309158945936007,1.8171082917230266,0
42,Frankfurt,Berlin,423.5280249380463,8.732384902648917,2.1176401246902317,0
43,Frankfurt,Zurich,304.1810276161854,6.0655527047836335,1.520905138080927,0
44,Frankfurt,Vienna,597.6455836046576,8.997082569835454,2.9882279180232882,0
45,Frankfurt,Rome,958.7278338574287,14.762394590858287,4.793639169287143,0
46,Amsterdam,Berlin,576.0871999159892,11.781344583716608,2.8804359995799462,0
47,Amsterdam,Zurich,612.9263221594731,10.848135995244075,3.0646316107973655,0
48,Amsterdam,Vienna,935.4450575969296,9.799114476651106,4.677225287984648,0
49,Amsterdam,Rome,1295.9496221016386,11.599684060411215,6.4797481105081935,0
50,Berlin,Zurich,669.0830018616773,10.840991147593392,3.3454150093083865,0
51,Berlin,Vienna,523.5449953624505,8.480259395994414,2.617724976812253,0
52,Berlin,Rome,1182.5461961338704,10.561438595264653,5.912730980669352,0
53,Zurich,Vienna,592.0648666611066,7.88289300298489,2.9603243333055334,0
54,Zurich,Rome,684.1759092144201,12.11878018936588,3.4208795460721007,0
55,Vienna,Rome,764.1671614916593,8.478722729537044,3.8208358074582964,0
56,London,Paris,343.55606034104164,8.154916400958648,1.7177803017052082,0
57,London,Frankfurt,637.7668789118289,15.295344552009915,3.188834394559145,1
58,London,Amsterdam,357.8875011228778,6.305319713754858,1.789437505614389,0
59,London,Berlin,931.5694204688527,12.23697989143959,4.657847102344264,0
60,London,Zurich,776.2341438374208,10.223932332677421,3.881170719187104,0
61,London,Vienna,1235.408027341829,11.564029625064142,6.177040136709145,0
62,London,Rome,1433.7813071157893,14.057290019631584,7.168906535578947,0
63,Paris,Frankfurt,477.89165377032487,7.566196561556356,2.3894582688516244,0
64,Paris,Amsterdam,429.8613896967422,6.776928710409833,2.1493069484837113,0
65,Paris,Berlin,877.4633259175432,11.487238517428658,4.387316629587716,0
66,Paris,Zurich,487.8773490475774,9.99475963074845,2.4393867452378872,0
67,Paris,Vienna,1033.4922772841828,10.899407902382304,5.167461386420914,0
68,Paris,Rome,1105.2801487141146,9.46255121790321,5.526400743570573,0
69,Frankfurt,Amsterdam,363.4216583446053,8.856842338785807,1.8171082917230266,0
70,Frankfurt,Berlin,423.5280249380463,9.313754993899,2.1176401246902317,0
71,Frankfurt,Zurich,304.1810276161854,7.364322063611671,1.520905138080927,0
72,Frankfurt,Vienna,597.6455836046576,12.043724048975983,2.9882279180232882,0
73,Frankfurt,Rome,958.7278338574287,14.202351656442294,4.793639169287143,0
74,Amsterdam,Berlin,576.0871999159892,46.473035491117514,2.8804359995799462,1
75,Amsterdam,Zurich,612.9263221594731,7.745350005496878,3.0646316107973655,0
76,Amsterdam,Vienna,935.4450575969296,12.406428313878711,4.677225287984648,0
77,Amsterdam,Rome,1295.9496221016386,13.675635293466879,6.4797481105081935,0
78,Berlin,Zurich,669.0830018616773,9.51668048972547,3.3454150093083865,0
79,Berlin,Vienna,523.5449953624505,7.806944093406378,2.617724976812253,0
80,Berlin,Rome,1182.5461961338704,11.686149092533393,5.912730980669352,0
81,Zurich,Vienna,592.0648666611066,10.878637702981202,2.9603243333055334,0
82,Zurich,Rome,684.1759092144201,10.727706916418269,3.4208795460721007,0
83,Vienna,Rome,764.1671614916593,10.88948035947043,3.8208358074582964,0
84,London,Paris,343.55606034104164,5.834219263299062,1.7177803017052082,0
85,London,Frankfurt,637.7668789118289,9.342597246601212,3.188834394559145,0
86,London,Amsterdam,357.8875011228778,5.309469234600041,1.789437505614389,0
87,London,Berlin,931.5694204688527,15.694793348407018,4.657847102344264,0
88,London,Zurich,776.2341438374208,13.327563235636834,3.881170719187104,0
89,London,Vienna,1235.408027341829,10.85593770710201,6.177040136709145,0
90,London,Rome,1433.7813071157893,13.073258718938593,7.168906535578947,0
91,Paris,Frankfurt,477.89165377032487,10.613690134924898,2.3894582688516244,0
92,Paris,Amsterdam,429.8613896967422,7.094407411359298,2.1493069484837113,0
93,Paris,Berlin,877.4633259175432,12.339489938019224,4.387316629587716,0
94,Paris,Zurich,487.8773490475774,8.125157373336291,2.4393867452378872,0
95,Paris,Vienna,1033.4922772841828,8.459271567909298,5.167461386420914,0
96,Paris,Rome,1105.2801487141146,11.671608249041721,5.526400743570573,0
97,Frankfurt,Amsterdam,363.4216583446053,8.603886505062086,1.8171082917230266,0
98,Frankfurt,Berlin,423.5280249380463,7.557933032574447,2.1176401246902317,0
99,Frankfurt,Zurich,304.1810276161854,4.84496449467199,1.520905138080927,0
100,Frankfurt,Vienna,597.6455836046576,7.897661468173348,2.9882279180232882,0
101,Frankfurt,Rome,958.7278338574287,15.442072438617657,4.793639169287143,0
102,Amsterdam,Berlin,576.0871999159892,9.191130248907507,2.8804359995799462,0
103,Amsterdam,Zurich,612.9263221594731,9.000150508784623,3.0646316107973655,0
104,Amsterdam,Vienna,935.4450575969296,13.196234472267106,4.677225287984648,0
105,Amsterdam,Rome,1295.9496221016386,11.495151732353033,6.4797481105081935,0
106,Berlin,Zurich,669.0830018616773,7.885871461700382,3.3454150093083865,0
107,Berlin,Vienna,523.5449953624505,8.798142268267465,2.617724976812253,0
108,Berlin,Rome,1182.5461961338704,11.45436735340069,5.912730980669352,0
109,Zurich,Vienna,592.0648666611066,13.979806329069566,2.9603243333055334,0
110,Zurich,Rome,684.1759092144201,9.760815649642582,3.4208795460721007,0
111,Vienna,Rome,764.1671614916593,12.580421861128812,3.8208358074582964,0
112,London,Paris,343.55606034104164,7.385222367703526,1.7177803017052082,0
113,London,Frankfurt,637.7668789118289,7.7712464279348215,3.188834394559145,0
114,London,Amsterdam,357.8875011228778,7.4125889199620225,1.789437505614389,0
115,London,Berlin,931.5694204688527,8.438893222937326,4.657847102344264,0
116,London,Zurich,776.2341438374208,10.651407867415326,3.881170719187104,0
117,London,Vienna,1235.408027341829,11.820830240294582,6.177040136709145,0
118,London,Rome,1433.7813071157893,10.681079930779829,7.168906535578947,0
119,Paris,Frankfurt,477.89165377032487,7.069782140826239,2.3894582688516244,0
120,Paris,Amsterdam,429.8613896967422,5.896287832103166,2.1493069484837113,0
121,Paris,Berlin,877.4633259175432,12.292024309480768,4.387316629587716,0
122,Paris,Zurich,487.8773490475774,8.296938816952638,2.4393867452378872,0
123,Paris,Vienna,1033.4922772841828,8.334476228747672,5.167461386420914,0
124,Paris,Rome,1105.2801487141146,8.68742910600444,5.526400743570573,0
125,Frankfurt,Amsterdam,363.4216583446053,9.343143554532675,1.8171082917230266,0
126,Frankfurt,Berlin,423.5280249380463,6.544563855810622,2.1176401246902317,0
127,Frankfurt,Zurich,304.1810276161854,4.704771396796792,1.520905138080927,0
128,Frankfurt,Vienna,597.6455836046576,11.154129311432712,2.9882279180232882,0
129,Frankfurt,Rome,958.7278338574287,14.347999723228204,4.793639169287143,0
130,Amsterdam,Berlin,576.0871999159892,9.878660905512438,2.8804359995799462,0
131,Amsterdam,Zurich,612.9263221594731,10.735510753593378,3.0646316107973655,0
132,Amsterdam,Vienna,935.4450575969296,13.229074166039283,4.677225287984648,0
133,Amsterdam,Rome,1295.9496221016386,10.195623250144676,6.4797481105081935,0
134,Berlin,Zurich,669.0830018616773,7.396159881198535,3.3454150093083865,0
135,Berlin,Vienna,523.5449953624505,8.783421635625839,2.617724976812253,0
136,Berlin,Rome,1182.5461961338704,10.22028392728099,5.912730980669352,0
137,Zurich,Vienna,592.0648666611066,9.381715759761537,2.9603243333055334,0
138,Zurich,Rome,684.1759092144201,10.87233179595663,3.4208795460721007,0
139,Vienna,Rome,764.1671614916593,8.600059392197709,3.8208358074582964,0
140,London,Paris,343.55606034104164,5.761240445892926,1.7177803017052082,0
141,London,Frankfurt,637.7668789118289,9.862203856227806,3.188834394559145,0
142,London,Amsterdam,357.8875011228778,7.706847943859887,1.789437505614389,0
143,London,Berlin,931.5694204688527,12.23493307930162,4.657847102344264,0
144,London,Zurich,776.2341438374208,12.155495736534473,3.881170719187104,0
145,London,Vienna,1235.408027341829,12.478185507471583,6.177040136709145,0
146,London,Rome,1433.7813071157893,11.801882981122525,7.168906535578947,0
147,Paris,Frankfurt,477.89165377032487,9.764275942367565,2.3894582688516244,0
148,Paris,Amsterdam,429.8613896967422,8.186998241067656,2.1493069484837113,0
149,Paris,Berlin,877.4633259175432,9.738085773276833,4.387316629587716,0
150,Paris,Zurich,487.8773490475774,9.281499225467176,2.4393867452378872,0
151,Paris,Vienna,1033.4922772841828,9.431917553734657,5.167461386420914,0
152,Paris,Rome,1105.2801487141146,11.388619829307354,5.526400743570573,0
153,Frankfurt,Amsterdam,363.4216583446053,6.233983187116701,1.8171082917230266,0
154,Frankfurt,Berlin,423.5280249380463,9.070814684501059,2.1176401246902317,0
155,Frankfurt,Zurich,304.1810276161854,6.115353876593138,1.520905138080927,0
156,Frankfurt,Vienna,597.6455836046576,9.160637110549963,2.9882279180232882,0
157,Frankfurt,Rome,958.7278338574287,16.86183888527983,4.793639169287143,0
158,Amsterdam,Berlin,576.0871999159892,7.802307948279233,2.8804359995799462,0
159,Amsterdam,Zurich,612.9263221594731,11.258762855659908,3.0646316107973655,0
160,Amsterdam,Vienna,935.4450575969296,15.622108008507132,4.677225287984648,0
161,Amsterdam,Rome,1295.9496221016386,11.633144322894845,6.4797481105081935,0
162,Berlin,Zurich,669.0830018616773,11.145667782399219,3.3454150093083865,0
163,Berlin,Vienna,523.5449953624505,8.557746517580973,2.617724976812253,0
164,Berlin,Rome,1182.5461961338704,12.053111800488558,5.912730980669352,0
165,Zurich,Vienna,592.0648666611066,9.76802048303523,2.9603243333055334,0
166,Zurich,Rome,684.1759092144201,9.704850542986673,3.4208795460721007,0
167,Vienna,Rome,764.1671614916593,13.059270866007447,3.8208358074582964,0
168,London,Paris,343.55606034104164,5.883042978517248,1.7177803017052082,0
169,London,Frankfurt,637.7668789118289,8.54057892568555,3.188834394559145,0
170,London,Amsterdam,357.8875011228778,6.193862777169676,1.789437505614389,0
171,London,Berlin,931.5694204688527,15.034524517758477,4.657847102344264,0
172,London,Zurich,776.2341438374208,10.796789076457614,3.881170719187104,0
173,London,Vienna,1235.408027341829,10.487440854609893,6.177040136709145,0
174,London,Rome,1433.7813071157893,11.626469820576835,7.168906535578947,0
175,Paris,Frankfurt,477.89165377032487,6.593403757318823,2.3894582688516244,0
176,Paris,Amsterdam,429.8613896967422,8.474262609461253,2.1493069484837113,0
177,Paris,Berlin,877.4633259175432,15.928892262524531,4.387316629587716,1
178,Paris,Zurich,487.8773490475774,6.32531612196505,2.4393867452378872,0
179,Paris,Vienna,1033.4922772841828,10.92616819517305,5.167461386420914,0
180,Paris,Rome,1105.2801487141146,11.118086418605598,5.526400743570573,0
181,Frankfurt,Amsterdam,363.4216583446053,6.029725869635011,1.8171082917230266,0
182,Frankfurt,Berlin,423.5280249380463,8.920643001709525,2.1176401246902317,0
183,Frankfurt,Zurich,304.1810276161854,7.040272014591554,1.520905138080927,0
184,Frankfurt,Vienna,597.6455836046576,10.986358859958118,2.9882279180232882,0
185,Frankfurt,Rome,958.7278338574287,12.405400998473665,4.793639169287143,0
186,Amsterdam,Berlin,576.0871999159892,8.972969001115448,2.8804359995799462,0
187,Amsterdam,Zurich,612.9263221594731,6.603693688054684,3.0646316107973655,0
188,Amsterdam,Vienna,935.4450575969296,13.555530683324706,4.677225287984648,0
189,Amsterdam,Rome,1295.9496221016386,13.182363359661208,6.4797481105081935,0
190,Berlin,Zurich,669.0830018616773,10.644181724693427,3.3454150093083865,0
191,Berlin,Vienna,523.5449953624505,8.040855319560665,2.617724976812253,0
192,Berlin,Rome,1182.5461961338704,9.482406721632607,5.912730980669352,0
193,Zurich,Vienna,592.0648666611066,12.614392718851038,2.9603243333055334,0
194,Zurich,Rome,684.1759092144201,7.279944547116489,3.4208795460721007,0
195,Vienna,Rome,764.1671614916593,11.581792596832418,3.8208358074582964,0
196,London,Paris,343.55606034104164,8.425642701461133,1.7177803017052082,0
197,London,Frankfurt,637.7668789118289,10.052764411324176,3.188834394559145,0
198,London,Amsterdam,357.8875011228778,6.297585118489549,1.789437505614389,0
199,London,Berlin,931.5694204688527,13.35832026513926,4.657847102344264,0
200,London,Zurich,776.2341438374208,9.462649995691265,3.881170719187104,0
201,London,Vienna,1235.408027341829,9.411757323233406,6.177040136709145,0
202,London,Rome,1433.7813071157893,13.351933965716366,7.168906535578947,0
203,Paris,Frankfurt,477.89165377032487,11.521712477955356,2.3894582688516244,0
204,Paris,Amsterdam,429.8613896967422,7.916725568761783,2.1493069484837113,0
205,Paris,Berlin,877.4633259175432,13.832154332437934,4.387316629587716,0
206,Paris,Zurich,487.8773490475774,8.828538718230144,2.4393867452378872,0
207,Paris,Vienna,1033.4922772841828,8.69082922489307,5.167461386420914,0
208,Paris,Rome,1105.2801487141146,10.738830975251185,5.526400743570573,0
209,Frankfurt,Amsterdam,363.4216583446053,8.289424384922599,1.8171082917230266,0
210,Frankfurt,Berlin,423.5280249380463,9.170624429984066,2.1176401246902317,0
211,Frankfurt,Zurich,304.1810276161854,7.107605113066445,1.520905138080927,0
212,Frankfurt,Vienna,597.6455836046576,12.48483159331502,2.9882279180232882,0
213,Frankfurt,Rome,958.7278338574287,17.2506296119765,4.793639169287143,0
214,Amsterdam,Berlin,576.0871999159892,9.33212670349695,2.8804359995799462,0
215,Amsterdam,Zurich,612.9263221594731,8.187403351423741,3.0646316107973655,0
216,Amsterdam,Vienna,935.4450575969296,16.670516180271072,4.677225287984648,0
217,Amsterdam,Rome,1295.9496221016386,11.547386389762876,6.4797481105081935,0
218,Berlin,Zurich,669.0830018616773,10.23526081425141,3.3454150093083865,0
219,Berlin,Vienna,523.5449953624505,8.39498339716562,2.617724976812253,0
220,Berlin,Rome,1182.5461961338704,11.251969286063032,5.912730980669352,0
221,Zurich,Vienna,592.0648666611066,8.944720169490946,2.9603243333055334,0
222,Zurich,Rome,684.1759092144201,10.21592428475596,3.4208795460721007,0
223,Vienna,Rome,764.1671614916593,11.395227799585326,3.8208358074582964,0
224,London,Paris,343.55606034104164,4.775302074835003,1.7177803017052082,0
225,London,Frankfurt,637.7668789118289,14.518838146741052,3.188834394559145,0
226,London,Amsterdam,357.8875011228778,4.5297003164759815,1.789437505614389,0
227,London,Berlin,931.5694204688527,10.251000306247807,4.657847102344264,0
228,London,Zurich,776.2341438374208,9.38308875029227,3.881170719187104,0
229,London,Vienna,1235.408027341829,10.528174350629524,6.177040136709145,0
230,London,Rome,1433.7813071157893,15.748774265864055,7.168906535578947,0
231,Paris,Frankfurt,477.89165377032487,9.299687117203968,2.3894582688516244,0
232,Paris,Amsterdam,429.8613896967422,6.649981498634446,2.1493069484837113,0
233,Paris,Berlin,877.4633259175432,11.23328645434394,4.387316629587716,0
234,Paris,Zurich,487.8773490475774,53.55654718229765,2.4393867452378872,1
235,Paris,Vienna,1033.4922772841828,8.988642801439752,5.167461386420914,0
236,Paris,Rome,1105.2801487141146,9.13652339631826,5.526400743570573,0
237,Frankfurt,Amsterdam,363.4216583446053,8.850733659753088,1.8171082917230266,0
238,Frankfurt,Berlin,423.5280249380463,9.080329057101666,2.1176401246902317,0
239,Frankfurt,Zurich,304.1810276161854,6.87285642134321,1.520905138080927,0
240,Frankfurt,Vienna,597.6455836046576,10.110623438489414,2.9882279180232882,0
241,Frankfurt,Rome,958.7278338574287,11.895604202588924,4.793639169287143,0
242,Amsterdam,Berlin,576.0871999159892,9.867703105251826,2.8804359995799462,0
243,Amsterdam,Zurich,612.9263221594731,8.07263311406434,3.0646316107973655,0
244,Amsterdam,Vienna,935.4450575969296,9.082944134602135,4.677225287984648,0
245,Amsterdam,Rome,1295.9496221016386,11.694863437939768,6.4797481105081935,0
246,Berlin,Zurich,669.0830018616773,12.197523281870376,3.3454150093083865,0
247,Berlin,Vienna,523.5449953624505,8.242732427008415,2.617724976812253,0
248,Berlin,Rome,1182.5461961338704,9.324535683630522,5.912730980669352,0
249,Zurich,Vienna,592.0648666611066,10.92282318320552,2.9603243333055334,0
250,Zurich,Rome,684.1759092144201,12.029078866153755,3.4208795460721007,0
251,Vienna,Rome,764.1671614916593,14.719843429501875,3.8208358074582964,0
252,London,Paris,343.55606034104164,7.733653034945485,1.7177803017052082,0
253,London,Frankfurt,637.7668789118289,7.235675302113192,3.188834394559145,0
254,London,Amsterdam,357.8875011228778,4.863422342225551,1.789437505614389,0
255,London,Berlin,931.5694204688527,8.901363522560645,4.657847102344264,0
256,London,Zurich,776.2341438374208,9.997125789221869,3.881170719187104,0
257,London,Vienna,1235.408027341829,23.303349257066458,6.177040136709145,1
258,London,Rome,1433.7813071157893,10.76485673036206,7.168906535578947,0
259,Paris,Frankfurt,477.89165377032487,9.12068577239425,2.3894582688516244,0
260,Paris,Amsterdam,429.8613896967422,9.703618442623771,2.1493069484837113,0
261,Paris,Berlin,877.4633259175432,12.231897359794784,4.387316629587716,0
262,Paris,Zurich,487.8773490475774,9.685538368402698,2.4393867452378872,0
263,Paris,Vienna,1033.4922772841828,10.916014984792291,5.167461386420914,0
264,Paris,Rome,1105.2801487141146,8.627826313325766,5.526400743570573,0
265,Frankfurt,Amsterdam,363.4216583446053,6.1967944645060165,1.8171082917230266,0
266,Frankfurt,Berlin,423.5280249380463,10.288932736224222,2.1176401246902317,0
267,Frankfurt,Zurich,304.1810276161854,6.008475233394843,1.520905138080927,0
268,Frankfurt,Vienna,597.6455836046576,8.155065213632552,2.9882279180232882,0
269,Frankfurt,Rome,958.7278338574287,12.758271126446624,4.793639169287143,0
270,Amsterdam,Berlin,576.0871999159892,11.372218245098368,2.8804359995799462,0
271,Amsterdam,Zurich,612.9263221594731,7.5518125355813535,3.0646316107973655,0
272,Amsterdam,Vienna,935.4450575969296,16.78511415738208,4.677225287984648,0
273,Amsterdam,Rome,1295.9496221016386,11.530588223029504,6.4797481105081935,0
274,Berlin,Zurich,669.0830018616773,11.228331205616106,3.3454150093083865,0
275,Berlin,Vienna,523.5449953624505,5.02818449370606,2.617724976812253,0
276,Berlin,Rome,1182.5461961338704,8.921975005259949,5.912730980669352,0
277,Zurich,Vienna,592.0648666611066,8.525974568303957,2.9603243333055334,0
278,Zurich,Rome,684.1759092144201,10.170956181760321,3.4208795460721007,0
279,Vienna,Rome,764.1671614916593,10.36798305399587,3.8208358074582964,0
280,London,Paris,343.55606034104164,6.088279900128322,1.7177803017052082,0
281,London,Frankfurt,637.7668789118289,13.6867208175453,3.188834394559145,0
282,London,Amsterdam,357.8875011228778,6.555903591289188,1.789437505614389,0
283,London,Berlin,931.5694204688527,12.459289989751099,4.657847102344264,0
284,London,Zurich,776.2341438374208,10.591385994002913,3.881170719187104,0
285,London,Vienna,1235.408027341829,12.067352059875477,6.177040136709145,0
286,London,Rome,1433.7813071157893,13.603643916053477,7.168906535578947,0
287,Paris,Frankfurt,477.89165377032487,7.1147726768428,2.3894582688516244,0
288,Paris,Amsterdam,429.8613896967422,8.210922299371049,2.1493069484837113,0
289,Paris,Berlin,877.4633259175432,14.67476710664472,4.387316629587716,0
290,Paris,Zurich,487.8773490475774,10.010096768570511,2.4393867452378872,0
291,Paris,Vienna,1033.4922772841828,11.00953387867248,5.167461386420914,0
292,Paris,Rome,1105.2801487141146,9.730589415594068,5.526400743570573,0
293,Frankfurt,Amsterdam,363.4216583446053,8.278825398236515,1.8171082917230266,0
294,Frankfurt,Berlin,423.5280249380463,8.868376307060815,2.1176401246902317,0
295,Frankfurt,Zurich,304.1810276161854,6.513360344656016,1.520905138080927,0
296,Frankfurt,Vienna,597.6455836046576,9.39832299137318,2.9882279180232882,0
297,Frankfurt,Rome,958.7278338574287,11.57399988340337,4.793639169287143,0
298,Amsterdam,Berlin,576.0871999159892,6.115699580707336,2.8804359995799462,0
299,Amsterdam,Zurich,612.9263221594731,7.863061574388424,3.0646316107973655,0
300,Amsterdam,Vienna,935.4450575969296,14.387112110029777,4.677225287984648,0
301,Amsterdam,Rome,1295.9496221016386,10.456433311528983,6.4797481105081935,0
302,Berlin,Zurich,669.0830018616773,7.763819053611113,3.3454150093083865,0
303,Berlin,Vienna,523.5449953624505,12.175476441757882,2.617724976812253,0
304,Berlin,Rome,1182.5461961338704,11.352190873401485,5.912730980669352,0
305,Zurich,Vienna,592.0648666611066,9.596759962984322,2.9603243333055334,0
306,Zurich,Rome,684.1759092144201,7.568770189163984,3.4208795460721007,0
307,Vienna,Rome,764.1671614916593,8.418247256171362,3.8208358074582964,0
308,London,Paris,343.55606034104164,6.326750479941497,1.7177803017052082,0
309,London,Frankfurt,637.7668789118289,9.264210798994426,3.188834394559145,0
310,London,Amsterdam,357.8875011228778,5.908636011540341,1.789437505614389,0
311,London,Berlin,931.5694204688527,15.141288696153866,4.657847102344264,0
312,London,Zurich,776.2341438374208,11.46010011978427,3.881170719187104,0
313,London,Vienna,1235.408027341829,11.455633929969512,6.177040136709145,0
314,London,Rome,1433.7813071157893,9.924996223869936,7.168906535578947,0
315,Paris,Frankfurt,477.89165377032487,7.9298548390870955,2.3894582688516244,0
316,Paris,Amsterdam,429.8613896967422,6.919073513923604,2.1493069484837113,0
317,Paris,Berlin,877.4633259175432,16.4042252584928,4.387316629587716,0
318,Paris,Zurich,487.8773490475774,8.106042174557894,2.4393867452378872,0
319,Paris,Vienna,1033.4922772841828,8.629288817994029,5.167461386420914,0
320,Paris,Rome,1105.2801487141146,10.180602541944868,5.526400743570573,0
321,Frankfurt,Amsterdam,363.4216583446053,9.562274604919478,1.8171082917230266,0
322,Frankfurt,Berlin,423.5280249380463,9.237865139494646,2.1176401246902317,0
323,Frankfurt,Zurich,304.1810276161854,4.96423164418944,1.520905138080927,0
324,Frankfurt,Vienna,597.6455836046576,9.12972757102688,2.9882279180232882,0
325,Frankfurt,Rome,958.7278338574287,12.194719035064216,4.793639169287143,0
326,Amsterdam,Berlin,576.0871999159892,10.716376116436027,2.8804359995799462,0
327,Amsterdam,Zurich,612.9263221594731,9.95081506466219,3.0646316107973655,0
328,Amsterdam,Vienna,935.4450575969296,13.661833206469652,4.677225287984648,0
329,Amsterdam,Rome,1295.9496221016386,9.679783206984819,6.4797481105081935,0
330,Berlin,Zurich,669.0830018616773,11.688336447410492,3.3454150093083865,0
331,Berlin,Vienna,523.5449953624505,8.91696392566593,2.617724976812253,0
332,Berlin,Rome,1182.5461961338704,13.296600087243743,5.912730980669352,0
333,Zurich,Vienna,592.0648666611066,9.875347972551724,2.9603243333055334,0
334,Zurich,Rome,684.1759092144201,7.341707096344061,3.4208795460721007,0
335,Vienna,Rome,764.1671614916593,13.254625453030437,3.8208358074582964,0
336,London,Paris,343.55606034104164,7.489463862888187,1.7177803017052082,0
337,London,Frankfurt,637.7668789118289,10.682088565355157,3.188834394559145,0
338,London,Amsterdam,357.8875011228778,6.494390503025333,1.789437505614389,0
339,London,Berlin,931.5694204688527,11.714853301982824,4.657847102344264,0
340,London,Zurich,776.2341438374208,12.95695149294851,3.881170719187104,0
341,London,Vienna,1235.408027341829,10.366571734403646,6.177040136709145,0
342,London,Rome,1433.7813071157893,11.124220749486637,7.168906535578947,0
343,Paris,Frankfurt,477.89165377032487,6.966990691411975,2.3894582688516244,0
344,Paris,Amsterdam,429.8613896967422,6.148789728783133,2.1493069484837113,0
345,Paris,Berlin,877.4633259175432,13.17691604725,4.387316629587716,0
346,Paris,Zurich,487.8773490475774,9.432550742010243,2.4393867452378872,0
347,Paris,Vienna,1033.4922772841828,8.41267558628475,5.167461386420914,0
348,Paris,Rome,1105.2801487141146,8.700998556780311,5.526400743570573,0
349,Frankfurt,Amsterdam,363.4216583446053,6.383442730743505,1.8171082917230266,0
350,Frankfurt,Berlin,423.5280249380463,5.501619362330124,2.1176401246902317,0
351,Frankfurt,Zurich,304.1810276161854,7.007543100946127,1.520905138080927,0
352,Frankfurt,Vienna,597.6455836046576,6.506401513809449,2.9882279180232882,0
353,Frankfurt,Rome,958.7278338574287,13.483552290440171,4.793639169287143,0
354,Amsterdam,Berlin,576.0871999159892,10.57356934311455,2.8804359995799462,0
355,Amsterdam,Zurich,612.9263221594731,9.04837231677921,3.0646316107973655,0
356,Amsterdam,Vienna,935.4450575969296,10.30557529285192,4.677225287984648,0
357,Amsterdam,Rome,1295.9496221016386,10.55164088136081,6.4797481105081935,0
358,Berlin,Zurich,669.0830018616773,12.099757180192636,3.3454150093083865,0
359,Berlin,Vienna,523.5449953624505,8.787598859440475,2.617724976812253,0
360,Berlin,Rome,1182.5461961338704,10.29868251180242,5.912730980669352,0
361,Zurich,Vienna,592.0648666611066,8.577376862920591,2.9603243333055334,0
362,Zurich,Rome,684.1759092144201,9.40806055683997,3.4208795460721007,0
363,Vienna,Rome,764.1671614916593,11.132483825244618,3.8208358074582964,0
364,London,Paris,343.55606034104164,8.701234673283194,1.7177803017052082,0
365,London,Frankfurt,637.7668789118289,7.764770138252196,3.188834394559145,0
366,London,Amsterdam,357.8875011228778,8.576694224332071,1.789437505614389,0
367,London,Berlin,931.5694204688527,19.512708962078847,4.657847102344264,0
368,London,Zurich,776.2341438374208,13.021463802436509,3.881170719187104,0
369,London,Vienna,1235.408027341829,8.574237950055863,6.177040136709145,0
370,London,Rome,1433.7813071157893,14.400987407232714,7.168906535578947,0
371,Paris,Frankfurt,477.89165377032487,7.419923744784542,2.3894582688516244,0
372,Paris,Amsterdam,429.8613896967422,7.675825068378925,2.1493069484837113,0
373,Paris,Berlin,877.4633259175432,16.615419005332306,4.387316629587716,0
374,Paris,Zurich,487.8773490475774,7.7251617632313785,2.4393867452378872,0
375,Paris,Vienna,1033.4922772841828,7.673306639812261,5.167461386420914,0
376,Paris,Rome,1105.2801487141146,10.906180577693243,5.526400743570573,0
377,Frankfurt,Amsterdam,363.4216583446053,10.672189792822063,1.8171082917230266,0
378,Frankfurt,Berlin,423.5280249380463,25.340435160282937,2.1176401246902317,1
379,Frankfurt,Zurich,304.1810276161854,5.640609867566545,1.520905138080927,0
380,Frankfurt,Vienna,597.6455836046576,11.248329181855546,2.9882279180232882,0
381,Frankfurt,Rome,958.7278338574287,13.699462852015207,4.793639169287143,0
382,Amsterdam,Berlin,576.0871999159892,13.454144435223098,2.8804359995799462,0
383,Amsterdam,Zurich,612.9263221594731,11.280946128969706,3.0646316107973655,0
384,Amsterdam,Vienna,935.4450575969296,13.433226138304782,4.677225287984648,0
385,Amsterdam,Rome,1295.9496221016386,11.953270205316514,6.4797481105081935,0
386,Berlin,Zurich,669.0830018616773,9.951068470762237,3.3454150093083865,0
387,Berlin,Vienna,523.5449953624505,8.139801891153763,2.617724976812253,0
388,Berlin,Rome,1182.5461961338704,9.740263932277452,5.912730980669352,0
389,Zurich,Vienna,592.0648666611066,22.753732275331604,2.9603243333055334,1
390,Zurich,Rome,684.1759092144201,12.072230002270764,3.4208795460721007,0
391,Vienna,Rome,764.1671614916593,11.423235594991395,3.8208358074582964,0
392,London,Paris,343.55606034104164,6.348030292991602,1.7177803017052082,0
393,London,Frankfurt,637.7668789118289,8.499687470326023,3.188834394559145,0
394,London,Amsterdam,357.8875011228778,7.510618237623352,1.789437505614389,0
395,London,Berlin,931.5694204688527,15.103506952616623,4.657847102344264,0
396,London,Zurich,776.2341438374208,8.10388259368357,3.881170719187104,0
397,London,Vienna,1235.408027341829,11.6381289651377,6.177040136709145,0
398,London,Rome,1433.7813071157893,13.202238161126006,7.168906535578947,0
399,Paris,Frankfurt,477.89165377032487,6.131486887666483,2.3894582688516244,0
400,Paris,Amsterdam,429.8613896967422,6.04347862010173,2.1493069484837113,0
401,Paris,Berlin,877.4633259175432,12.163470975078472,4.387316629587716,0
402,Paris,Zurich,487.8773490475774,8.487612730768019,2.4393867452378872,0
403,Paris,Vienna,1033.4922772841828,9.197072401454475,5.167461386420914,0
404,Paris,Rome,1105.2801487141146,9.527899720310858,5.526400743570573,0
405,Frankfurt,Amsterdam,363.4216583446053,7.375621121724281,1.8171082917230266,0
406,Frankfurt,Berlin,423.5280249380463,7.257102128106283,2.1176401246902317,0
407,Frankfurt,Zurich,304.1810276161854,30.073215810280104,1.520905138080927,1
408,Frankfurt,Vienna,597.6455836046576,10.429759892756636,2.9882279180232882,0
409,Frankfurt,Rome,958.7278338574287,12.275854226449491,4.793639169287143,0
410,Amsterdam,Berlin,576.0871999159892,9.777367280260183,2.8804359995799462,0
411,Amsterdam,Zurich,612.9263221594731,9.126209191856173,3.0646316107973655,0
412,Amsterdam,Vienna,935.4450575969296,17.14865762603889,4.677225287984648,0
413,Amsterdam,Rome,1295.9496221016386,10.992240253503043,6.4797481105081935,0
414,Berlin,Zurich,669.0830018616773,8.364761580945565,3.3454150093083865,0
415,Berlin,Vienna,523.5449953624505,12.495445846351917,2.617724976812253,0
416,Berlin,Rome,1182.5461961338704,11.552753904182488,5.912730980669352,0
417,Zurich,Vienna,592.0648666611066,8.479305133904376,2.9603243333055334,0
418,Zurich,Rome,684.1759092144201,10.679172677612161,3.4208795460721007,0
419,Vienna,Rome,764.1671614916593,10.416522659279115,3.8208358074582964,0
420,London,Paris,343.55606034104164,6.193023201396565,1.7177803017052082,0
421,London,Frankfurt,637.7668789118289,10.954704215487512,3.188834394559145,0
422,London,Amsterdam,357.8875011228778,6.4386314750998785,1.789437505614389,0
423,London,Berlin,931.5694204688527,15.76038202350843,4.657847102344264,0
424,London,Zurich,776.2341438374208,11.869173306527259,3.881170719187104,0
425,London,Vienna,1235.408027341829,11.17809259038596,6.177040136709145,0
426,London,Rome,1433.7813071157893,11.497492346642751,7.168906535578947,0
427,Paris,Frankfurt,477.89165377032487,7.231839339734288,2.3894582688516244,0
428,Paris,Amsterdam,429.8613896967422,7.362818796350745,2.1493069484837113,0
429,Paris,Berlin,877.4633259175432,13.277618573520563,4.387316629587716,0
430,Paris,Zurich,487.8773490475774,16.376349045791834,2.4393867452378872,1
431,Paris,Vienna,1033.4922772841828,8.002508948905914,5.167461386420914,0
432,Paris,Rome,1105.2801487141146,8.110985244042643,5.526400743570573,0
433,Frankfurt,Amsterdam,363.4216583446053,7.815110844017913,1.8171082917230266,0
434,Frankfurt,Berlin,423.5280249380463,6.0879494478491285,2.1176401246902317,0
435,Frankfurt,Zurich,304.1810276161854,7.03994615758574,1.520905138080927,0
436,Frankfurt,Vienna,597.6455836046576,11.044677719864888,2.9882279180232882,0
437,Frankfurt,Rome,958.7278338574287,14.518149743128925,4.793639169287143,0
438,Amsterdam,Berlin,576.0871999159892,8.947677828314053,2.8804359995799462,0
439,Amsterdam,Zurich,612.9263221594731,7.857180549140991,3.0646316107973655,0
440,Amsterdam,Vienna,935.4450575969296,13.707119194301477,4.677225287984648,0
441,Amsterdam,Rome,1295.9496221016386,11.939760044774651,6.4797481105081935,0
442,Berlin,Zurich,669.0830018616773,6.804317263015923,3.3454150093083865,0
443,Berlin,Vienna,523.5449953624505,8.21345400349513,2.617724976812253,0
444,Berlin,Rome,1182.5461961338704,10.338279932023305,5.912730980669352,0
445,Zurich,Vienna,592.0648666611066,9.615516056491826,2.9603243333055334,0
446,Zurich,Rome,684.1759092144201,11.863133720924743,3.4208795460721007,0
447,Vienna,Rome,764.1671614916593,13.430272999867103,3.8208358074582964,0
448,London,Paris,343.55606034104164,6.431838626153123,1.7177803017052082,0
449,London,Frankfurt,637.7668789118289,9.047592865045877,3.188834394559145,0
450,London,Amsterdam,357.8875011228778,7.6160841486598825,1.789437505614389,0
451,London,Berlin,931.5694204688527,11.20368797752704,4.657847102344264,0
452,London,Zurich,776.2341438374208,10.706165171396949,3.881170719187104,0
453,London,Vienna,1235.408027341829,10.02704167913674,6.177040136709145,0
454,London,Rome,1433.7813071157893,11.344184294946086,7.168906535578947,0
455,Paris,Frankfurt,477.89165377032487,10.59207158804743,2.3894582688516244,0
456,Paris,Amsterdam,429.8613896967422,7.701651618214256,2.1493069484837113,0
457,Paris,Berlin,877.4633259175432,8.17184969802929,4.387316629587716,0
458,Paris,Zurich,487.8773490475774,9.216882831946457,2.4393867452378872,0
459,Paris,Vienna,1033.4922772841828,8.201210721367618,5.167461386420914,0
460,Paris,Rome,1105.2801487141146,7.84858194986139,5.526400743570573,0
461,Frankfurt,Amsterdam,363.4216583446053,8.743621250904251,1.8171082917230266,0
462,Frankfurt,Berlin,423.5280249380463,5.900809125639663,2.1176401246902317,0
463,Frankfurt,Zurich,304.1810276161854,6.26412708792354,1.520905138080927,0
464,Frankfurt,Vienna,597.6455836046576,10.640231709803388,2.9882279180232882,0
465,Frankfurt,Rome,958.7278338574287,13.275889126233405,4.793639169287143,0
466,Amsterdam,Berlin,576.0871999159892,8.335293177898343,2.8804359995799462,0
467,Amsterdam,Zurich,612.9263221594731,10.188159752944939,3.0646316107973655,0
468,Amsterdam,Vienna,935.4450575969296,14.688781345661639,4.677225287984648,0
469,Amsterdam,Rome,1295.9496221016386,12.736485153239375,6.4797481105081935,0
470,Berlin,Zurich,669.0830018616773,13.517705360059779,3.3454150093083865,0
471,Berlin,Vienna,523.5449953624505,10.067985644309315,2.617724976812253,0
472,Berlin,Rome,1182.5461961338704,11.39097387499203,5.912730980669352,0
473,Zurich,Vienna,592.0648666611066,12.288710183611224,2.9603243333055334,0
474,Zurich,Rome,684.1759092144201,12.553948655953196,3.4208795460721007,0
475,Vienna,Rome,764.1671614916593,13.719122400422401,3.8208358074582964,0
476,London,Paris,343.55606034104164,7.595945376230212,1.7177803017052082,0
477,London,Frankfurt,637.7668789118289,10.4850620436931,3.188834394559145,0
478,London,Amsterdam,357.8875011228778,6.491363571890325,1.789437505614389,0
479,London,Berlin,931.5694204688527,13.183693758414048,4.657847102344264,0
480,London,Zurich,776.2341438374208,11.009546627787302,3.881170719187104,0
481,London,Vienna,1235.408027341829,13.039109733384041,6.177040136709145,0
482,London,Rome,1433.7813071157893,11.655142000764487,7.168906535578947,0
483,Paris,Frankfurt,477.89165377032487,7.3101431689451335,2.3894582688516244,0
484,Paris,Amsterdam,429.8613896967422,8.92557938859923,2.1493069484837113,0
485,Paris,Berlin,877.4633259175432,14.952645263972402,4.387316629587716,0
486,Paris,Zurich,487.8773490475774,8.04778579071691,2.4393867452378872,0
487,Paris,Vienna,1033.4922772841828,9.392563484458089,5.167461386420914,0
488,Paris,Rome,1105.2801487141146,8.910556280795575,5.526400743570573,0
489,Frankfurt,Amsterdam,363.4216583446053,6.034400806055025,1.8171082917230266,0
490,Frankfurt,Berlin,423.5280249380463,7.1975665217807485,2.1176401246902317,0
491,Frankfurt,Zurich,304.1810276161854,5.815835618051253,1.520905138080927,0
492,Frankfurt,Vienna,597.6455836046576,9.988401672433548,2.9882279180232882,0
493,Frankfurt,Rome,958.7278338574287,14.1666520062738,4.793639169287143,0
494,Amsterdam,Berlin,576.0871999159892,8.220301545965299,2.8804359995799462,0
495,Amsterdam,Zurich,612.9263221594731,10.351675459142962,3.0646316107973655,0
496,Amsterdam,Vienna,935.4450575969296,15.795783757441797,4.677225287984648,0
497,Amsterdam,Rome,1295.9496221016386,11.360574691179021,6.4797481105081935,0
498,Berlin,Zurich,669.0830018616773,8.93219991720845,3.3454150093083865,0
499,Berlin,Vienna,523.5449953624505,9.453913746192024,2.617724976812253,0
500,Berlin,Rome,1182.5461961338704,9.081546250098311,5.912730980669352,0
501,Zurich,Vienna,592.0648666611066,7.963093299815192,2.9603243333055334,0
502,Zurich,Rome,684.1759092144201,16.13334924079208,3.4208795460721007,0
503,Vienna,Rome,764.1671614916593,10.247914388088502,3.8208358074582964,0
504,London,Paris,343.55606034104164,4.708681289783816,1.7177803017052082,0
505,London,Frankfurt,637.7668789118289,12.303977016461602,3.188834394559145,0
506,London,Amsterdam,357.8875011228778,19.52282172765303,1.789437505614389,1
507,London,Berlin,931.5694204688527,13.086199786895147,4.657847102344264,0
508,London,Zurich,776.2341438374208,10.103097661748318,3.881170719187104,0
509,London,Vienna,1235.408027341829,8.159248214086313,6.177040136709145,0
510,London,Rome,1433.7813071157893,14.074786963182667,7.168906535578947,0
511,Paris,Frankfurt,477.89165377032487,8.761967424046993,2.3894582688516244,0
512,Paris,Amsterdam,429.8613896967422,9.508085777868091,2.1493069484837113,0
513,Paris,Berlin,877.4633259175432,13.859816410756272,4.387316629587716,0
514,Paris,Zurich,487.8773490475774,7.157357195553927,2.4393867452378872,0
515,Paris,Vienna,1033.4922772841828,9.295449223626475,5.167461386420914,0
516,Paris,Rome,1105.2801487141146,9.81394592581977,5.526400743570573,0
517,Frankfurt,Amsterdam,363.4216583446053,7.169439791425625,1.8171082917230266,0
518,Frankfurt,Berlin,423.5280249380463,6.7052471179479625,2.1176401246902317,0
519,Frankfurt,Zurich,304.1810276161854,4.925151155944887,1.520905138080927,0
520,Frankfurt,Vienna,597.6455836046576,10.629288371581746,2.9882279180232882,0
521,Frankfurt,Rome,958.7278338574287,11.640855693901663,4.793639169287143,0
522,Amsterdam,Berlin,576.0871999159892,12.519527089560938,2.8804359995799462,0
523,Amsterdam,Zurich,612.9263221594731,10.12822876773596,3.0646316107973655,0
524,Amsterdam,Vienna,935.4450575969296,17.714076241956672,4.677225287984648,0
525,Amsterdam,Rome,1295.9496221016386,9.661038210213057,6.4797481105081935,0
526,Berlin,Zurich,669.0830018616773,51.71982526122315,3.3454150093083865,1
527,Berlin,Vienna,523.5449953624505,11.369519519562944,2.617724976812253,0
528,Berlin,Rome,1182.5461961338704,10.405959138498684,5.912730980669352,0
529,Zurich,Vienna,592.0648666611066,8.865904942207736,2.9603243333055334,0
530,Zurich,Rome,684.1759092144201,11.757937258017906,3.4208795460721007,0
531,Vienna,Rome,764.1671614916593,12.799128007264052,3.8208358074582964,0
532,London,Paris,343.55606034104164,5.938912193248987,1.7177803017052082,0
533,London,Frankfurt,637.7668789118289,10.516672810312148,3.188834394559145,0
534,London,Amsterdam,357.8875011228778,7.76796407293303,1.789437505614389,0
535,London,Berlin,931.5694204688527,11.904681365336279,4.657847102344264,0
536,London,Zurich,776.2341438374208,12.480996735505945,3.881170719187104,0
537,London,Vienna,1235.408027341829,8.878821994913688,6.177040136709145,0
538,London,Rome,1433.7813071157893,11.664074321752759,7.168906535578947,0
539,Paris,Frankfurt,477.89165377032487,16.84013628581101,2.3894582688516244,1
540,Paris,Amsterdam,429.8613896967422,10.056126429547735,2.1493069484837113,0
541,Paris,Berlin,877.4633259175432,9.904836428426556,4.387316629587716,0
542,Paris,Zurich,487.8773490475774,5.422436015883917,2.4393867452378872,0
543,Paris,Vienna,1033.4922772841828,8.666070651102446,5.167461386420914,0
544,Paris,Rome,1105.2801487141146,9.586758573643097,5.526400743570573,0
545,Frankfurt,Amsterdam,363.4216583446053,7.319970631714702,1.8171082917230266,0
546,Frankfurt,Berlin,423.5280249380463,8.037999576483147,2.1176401246902317,0
547,Frankfurt,Zurich,304.1810276161854,8.139672146186061,1.520905138080927,0
548,Frankfurt,Vienna,597.6455836046576,8.942758402228824,2.9882279180232882,0
549,Frankfurt,Rome,958.7278338574287,14.198188592795352,4.793639169287143,0
550,Amsterdam,Berlin,576.0871999159892,9.383021177897508,2.8804359995799462,0
551,Amsterdam,Zurich,612.9263221594731,7.589524066712839,3.0646316107973655,0
552,Amsterdam,Vienna,935.4450575969296,12.275397051691218,4.677225287984648,0
553,Amsterdam,Rome,1295.9496221016386,10.246428594629387,6.4797481105081935,0
554,Berlin,Zurich,669.0830018616773,10.240906713920086,3.3454150093083865,0
555,Berlin,Vienna,523.5449953624505,11.26687146491716,2.617724976812253,0
556,Berlin,Rome,1182.5461961338704,9.628414881620357,5.912730980669352,0
557,Zurich,Vienna,592.0648666611066,9.979744098766721,2.9603243333055334,0
558,Zurich,Rome,684.1759092144201,8.932554443066858,3.4208795460721007,0
559,Vienna,Rome,764.1671614916593,13.922065707435443,3.8208358074582964,0
560,London,Paris,343.55606034104164,8.032214674454686,1.7177803017052082,0
561,London,Frankfurt,637.7668789118289,6.309473226486424,3.188834394559145,0
562,London,Amsterdam,357.8875011228778,7.579903200101653,1.789437505614389,0
563,London,Berlin,931.5694204688527,14.676406390508546,4.657847102344264,0
564,London,Zurich,776.2341438374208,12.14128111057964,3.881170719187104,0
565,London,Vienna,1235.408027341829,10.112198004763501,6.177040136709145,0
566,London,Rome,1433.7813071157893,10.798825553545056,7.168906535578947,0
567,Paris,Frankfurt,477.89165377032487,8.5445529132757,2.3894582688516244,0
568,Paris,Amsterdam,429.8613896967422,9.308649431883925,2.1493069484837113,0
569,Paris,Berlin,877.4633259175432,11.64296422976343,4.387316629587716,0
570,Paris,Zurich,487.8773490475774,31.361701042284174,2.4393867452378872,1
571,Paris,Vienna,1033.4922772841828,8.700477835592814,5.167461386420914,0
572,Paris,Rome,1105.2801487141146,12.056706102222144,5.526400743570573,0
573,Frankfurt,Amsterdam,363.4216583446053,6.477026454544903,1.8171082917230266,0
574,Frankfurt,Berlin,423.5280249380463,6.985968940318819,2.1176401246902317,0
575,Frankfurt,Zurich,304.1810276161854,8.073205716262473,1.520905138080927,0
576,Frankfurt,Vienna,597.6455836046576,10.180374253988996,2.9882279180232882,0
577,Frankfurt,Rome,958.7278338574287,11.820938406980336,4.793639169287143,0
578,Amsterdam,Berlin,576.0871999159892,7.393725296775113,2.8804359995799462,0
579,Amsterdam,Zurich,612.9263221594731,8.375605189163178,3.0646316107973655,0
580,Amsterdam,Vienna,935.4450575969296,13.728322089554055,4.677225287984648,0
581,Amsterdam,Rome,1295.9496221016386,11.458771282838846,6.4797481105081935,0
582,Berlin,Zurich,669.0830018616773,7.416149836839973,3.3454150093083865,0
583,Berlin,Vienna,523.5449953624505,11.868250863096586,2.617724976812253,0
584,Berlin,Rome,1182.5461961338704,32.913128499618324,5.912730980669352,1
585,Zurich,Vienna,592.0648666611066,9.194646195319475,2.9603243333055334,0
586,Zurich,Rome,684.1759092144201,12.655223761782882,3.4208795460721007,0
587,Vienna,Rome,764.1671614916593,10.551536524643272,3.8208358074582964,0
588,London,Paris,343.55606034104164,5.597424280503134,1.7177803017052082,0
589,London,Frankfurt,637.7668789118289,9.970179825153789,3.188834394559145,0
590,London,Amsterdam,357.8875011228778,5.6177796432925415,1.789437505614389,0
591,London,Berlin,931.5694204688527,17.940417545071046,4.657847102344264,0
592,London,Zurich,776.2341438374208,13.560027698593446,3.881170719187104,0
593,London,Vienna,1235.408027341829,10.718332146190962,6.177040136709145,0
594,London,Rome,1433.7813071157893,11.577451457095792,7.168906535578947,0
595,Paris,Frankfurt,477.89165377032487,9.032403887261209,2.3894582688516244,0
596,Paris,Amsterdam,429.8613896967422,7.2075673858799885,2.1493069484837113,0
597,Paris,Berlin,877.4633259175432,7.4635973240142155,4.387316629587716,0
598,Paris,Zurich,487.8773490475774,9.778752779569777,2.4393867452378872,0
599,Paris,Vienna,1033.4922772841828,9.539702695982104,5.167461386420914,0
600,Paris,Rome,1105.2801487141146,6.907654757231231,5.526400743570573,0
601,Frankfurt,Amsterdam,363.4216583446053,7.136548231626456,1.8171082917230266,0
602,Frankfurt,Berlin,423.5280249380463,10.271300254313358,2.1176401246902317,0
603,Frankfurt,Zurich,304.1810276161854,5.591107628503666,1.520905138080927,0
604,Frankfurt,Vienna,597.6455836046576,17.893547975699818,2.9882279180232882,1
605,Frankfurt,Rome,958.7278338574287,12.832877217153593,4.793639169287143,0
606,Amsterdam,Berlin,576.0871999159892,9.54015262606264,2.8804359995799462,0
607,Amsterdam,Zurich,612.9263221594731,7.211759239492181,3.0646316107973655,0
608,Amsterdam,Vienna,935.4450575969296,14.653924267420393,4.677225287984648,0
609,Amsterdam,Rome,1295.9496221016386,13.245453488377114,6.4797481105081935,0
610,Berlin,Zurich,669.0830018616773,8.4994190612765,3.3454150093083865,0
611,Berlin,Vienna,523.5449953624505,7.688192554600582,2.617724976812253,0
612,Berlin,Rome,1182.5461961338704,10.18603990710961,5.912730980669352,0
613,Zurich,Vienna,592.0648666611066,8.922999129952663,2.9603243333055334,0
614,Zurich,Rome,684.1759092144201,8.728044993767165,3.4208795460721007,0
615,Vienna,Rome,764.1671614916593,10.169742782957922,3.8208358074582964,0
616,London,Paris,343.55606034104164,7.080380569115713,1.7177803017052082,0
617,London,Frankfurt,637.7668789118289,13.24865486002891,3.188834394559145,0
618,London,Amsterdam,357.8875011228778,5.944522309687207,1.789437505614389,0
619,London,Berlin,931.5694204688527,13.745350755749438,4.657847102344264,0
620,London,Zurich,776.2341438374208,13.96767363798739,3.881170719187104,0
621,London,Vienna,1235.408027341829,9.450944203552663,6.177040136709145,0
622,London,Rome,1433.7813071157893,13.878170192583813,7.168906535578947,0
623,Paris,Frankfurt,477.89165377032487,6.513518395985367,2.3894582688516244,0
624,Paris,Amsterdam,429.8613896967422,8.039126111634433,2.1493069484837113,0
625,Paris,Berlin,877.4633259175432,9.79432727385181,4.387316629587716,0
626,Paris,Zurich,487.8773490475774,7.381459302751981,2.4393867452378872,0
627,Paris,Vienna,1033.4922772841828,16.96028728462803,5.167461386420914,1
628,Paris,Rome,1105.2801487141146,8.88474189898004,5.526400743570573,0
629,Frankfurt,Amsterdam,363.4216583446053,6.036174431537839,1.8171082917230266,0
630,Frankfurt,Berlin,423.5280249380463,7.152513251493683,2.1176401246902317,0
631,Frankfurt,Zurich,304.1810276161854,5.256902026998073,1.520905138080927,0
632,Frankfurt,Vienna,597.6455836046576,10.614007446518952,2.9882279180232882,0
633,Frankfurt,Rome,958.7278338574287,12.898360918799469,4.793639169287143,0
634,Amsterdam,Berlin,576.0871999159892,12.719062853641798,2.8804359995799462,0
635,Amsterdam,Zurich,612.9263221594731,10.14411544758637,3.0646316107973655,0
636,Amsterdam,Vienna,935.4450575969296,15.470669098314016,4.677225287984648,0
637,Amsterdam,Rome,1295.9496221016386,9.160434245615766,6.4797481105081935,0
638,Berlin,Zurich,669.0830018616773,10.848390074448789,3.3454150093083865,0
639,Berlin,Vienna,523.5449953624505,8.077500152292496,2.617724976812253,0
640,Berlin,Rome,1182.5461961338704,23.713582986565715,5.912730980669352,1
641,Zurich,Vienna,592.0648666611066,7.811681732746459,2.9603243333055334,0
642,Zurich,Rome,684.1759092144201,11.935104368419454,3.4208795460721007,0
643,Vienna,Rome,764.1671614916593,9.313879740648112,3.8208358074582964,0
644,London,Paris,343.55606034104164,6.0337186087816805,1.7177803017052082,0
645,London,Frankfurt,637.7668789118289,14.634890473235822,3.188834394559145,0
646,London,Amsterdam,357.8875011228778,8.824809027922278,1.789437505614389,0
647,London,Berlin,931.5694204688527,10.667221995765964,4.657847102344264,0
648,London,Zurich,776.2341438374208,11.218209493612147,3.881170719187104,0
649,London,Vienna,1235.408027341829,11.935098038538223,6.177040136709145,0
650,London,Rome,1433.7813071157893,13.163217360956283,7.168906535578947,0
651,Paris,Frankfurt,477.89165377032487,8.228955777495424,2.3894582688516244,0
652,Paris,Amsterdam,429.8613896967422,9.41616903535032,2.1493069484837113,0
653,Paris,Berlin,877.4633259175432,10.84190954518752,4.387316629587716,0
654,Paris,Zurich,487.8773490475774,5.977412244360058,2.4393867452378872,0
655,Paris,Vienna,1033.4922772841828,9.737205021911043,5.167461386420914,0
656,Paris,Rome,1105.2801487141146,7.976138992843005,5.526400743570573,0
657,Frankfurt,Amsterdam,363.4216583446053,7.460043711660242,1.8171082917230266,0
658,Frankfurt,Berlin,423.5280249380463,8.786196140660884,2.1176401246902317,0
659,Frankfurt,Zurich,304.1810276161854,18.271855775246944,1.520905138080927,1
660,Frankfurt,Vienna,597.6455836046576,10.300468101986622,2.9882279180232882,0
661,Frankfurt,Rome,958.7278338574287,16.553205807109368,4.793639169287143,0
662,Amsterdam,Berlin,576.0871999159892,9.054361880956318,2.8804359995799462,0
663,Amsterdam,Zurich,612.9263221594731,9.489049160959564,3.0646316107973655,0
664,Amsterdam,Vienna,935.4450575969296,13.036153274093202,4.677225287984648,0
665,Amsterdam,Rome,1295.9496221016386,9.569404666039048,6.4797481105081935,0
666,Berlin,Zurich,669.0830018616773,9.033980189438115,3.3454150093083865,0
667,Berlin,Vienna,523.5449953624505,28.29406480368879,2.617724976812253,1
668,Berlin,Rome,1182.5461961338704,9.766167054035106,5.912730980669352,0
669,Zurich,Vienna,592.0648666611066,9.566819002912107,2.9603243333055334,0
670,Zurich,Rome,684.1759092144201,15.137757785007041,3.4208795460721007,0
671,Vienna,Rome,764.1671614916593,9.906897585021605,3.8208358074582964,0
672,London,Paris,343.55606034104164,4.440700755926109,1.7177803017052082,0
673,London,Frankfurt,637.7668789118289,10.10940175756195,3.188834394559145,0
674,London,Amsterdam,357.8875011228778,7.878118482343808,1.789437505614389,0
675,London,Berlin,931.5694204688527,10.130747539015521,4.657847102344264,0
676,London,Zurich,776.2341438374208,13.602449563694439,3.881170719187104,0
677,London,Vienna,1235.408027341829,13.174974458452477,6.177040136709145,0
678,London,Rome,1433.7813071157893,8.645308032320443,7.168906535578947,0
679,Paris,Frankfurt,477.89165377032487,10.818025411492599,2.3894582688516244,0
680,Paris,Amsterdam,429.8613896967422,6.56172241382863,2.1493069484837113,0
681,Paris,Berlin,877.4633259175432,16.04004205528792,4.387316629587716,0
682,Paris,Zurich,487.8773490475774,9.58051890556423,2.4393867452378872,0
683,Paris,Vienna,1033.4922772841828,9.99391737526013,5.167461386420914,0
684,Paris,Rome,1105.2801487141146,8.589855976329824,5.526400743570573,0
685,Frankfurt,Amsterdam,363.4216583446053,6.813494991465966,1.8171082917230266,0
686,Frankfurt,Berlin,423.5280249380463,8.530979935324027,2.1176401246902317,0
687,Frankfurt,Zurich,304.1810276161854,6.609126611179172,1.520905138080927,0
688,Frankfurt,Vienna,597.6455836046576,12.306330148656514,2.9882279180232882,0
689,Frankfurt,Rome,958.7278338574287,11.387775555580577,4.793639169287143,0
690,Amsterdam,Berlin,576.0871999159892,9.300207282076084,2.8804359995799462,0
691,Amsterdam,Zurich,612.9263221594731,10.946009737001148,3.0646316107973655,0
692,Amsterdam,Vienna,935.4450575969296,8.396004866629852,4.677225287984648,0
693,Amsterdam,Rome,1295.9496221016386,11.942633661276792,6.4797481105081935,0
694,Berlin,Zurich,669.0830018616773,13.890850650733514,3.3454150093083865,0
695,Berlin,Vienna,523.5449953624505,11.722272604900319,2.617724976812253,0
696,Berlin,Rome,1182.5461961338704,8.67546852206585,5.912730980669352,0
697,Zurich,Vienna,592.0648666611066,11.371272174820145,2.9603243333055334,0
698,Zurich,Rome,684.1759092144201,11.230570706715802,3.4208795460721007,0
699,Vienna,Rome,764.1671614916593,13.131668971341592,3.8208358074582964,0
700,London,Paris,343.55606034104164,5.599537019735182,1.7177803017052082,0
701,London,Frankfurt,637.7668789118289,8.475704740214443,3.188834394559145,0
702,London,Amsterdam,357.8875011228778,7.807350223413122,1.789437505614389,0
703,London,Berlin,931.5694204688527,14.622956585904715,4.657847102344264,0
704,London,Zurich,776.2341438374208,11.676635381168229,3.881170719187104,0
705,London,Vienna,1235.408027341829,10.157973066132238,6.177040136709145,0
706,London,Rome,1433.7813071157893,14.174275458037346,7.168906535578947,0
707,Paris,Frankfurt,477.89165377032487,8.952685631443646,2.3894582688516244,0
708,Paris,Amsterdam,429.8613896967422,7.6294010291993475,2.1493069484837113,0
709,Paris,Berlin,877.4633259175432,11.417648443463333,4.387316629587716,0
710,Paris,Zurich,487.8773490475774,6.224161639338446,2.4393867452378872,0
711,Paris,Vienna,1033.4922772841828,8.207199179573786,5.167461386420914,0
712,Paris,Rome,1105.2801487141146,9.787755594918316,5.526400743570573,0
713,Frankfurt,Amsterdam,363.4216583446053,5.697558398906268,1.8171082917230266,0
714,Frankfurt,Berlin,423.5280249380463,6.901309410553904,2.1176401246902317,0
715,Frankfurt,Zurich,304.1810276161854,8.486155770607633,1.520905138080927,0
716,Frankfurt,Vienna,597.6455836046576,56.32342833229176,2.9882279180232882,1
717,Frankfurt,Rome,958.7278338574287,11.61477409204299,4.793639169287143,0
718,Amsterdam,Berlin,576.0871999159892,8.336664716356017,2.8804359995799462,0
719,Amsterdam,Zurich,612.9263221594731,9.309969203315989,3.0646316107973655,0
720,Amsterdam,Vienna,935.4450575969296,12.79392178062368,4.677225287984648,0
721,Amsterdam,Rome,1295.9496221016386,12.145921486750304,6.4797481105081935,0
722,Berlin,Zurich,669.0830018616773,9.379504200820152,3.3454150093083865,0
723,Berlin,Vienna,523.5449953624505,7.908743105873707,2.617724976812253,0
724,Berlin,Rome,1182.5461961338704,13.030904867358156,5.912730980669352,0
725,Zurich,Vienna,592.0648666611066,9.393382720369264,2.9603243333055334,0
726,Zurich,Rome,684.1759092144201,10.395725041239132,3.4208795460721007,0
727,Vienna,Rome,764.1671614916593,13.847069046545315,3.8208358074582964,0
728,London,Paris,343.55606034104164,5.75031092125761,1.7177803017052082,0
729,London,Frankfurt,637.7668789118289,11.209556846020856,3.188834394559145,0
730,London,Amsterdam,357.8875011228778,6.351807476318464,1.789437505614389,0
731,London,Berlin,931.5694204688527,11.647010259819783,4.657847102344264,0
732,London,Zurich,776.2341438374208,9.97915687585767,3.881170719187104,0
733,London,Vienna,1235.408027341829,9.49981758267732,6.177040136709145,0
734,London,Rome,1433.7813071157893,12.947563744115302,7.168906535578947,0
735,Paris,Frankfurt,477.89165377032487,10.158363086446316,2.3894582688516244,0
736,Paris,Amsterdam,429.8613896967422,7.947804764553113,2.1493069484837113,0
737,Paris,Berlin,877.4633259175432,15.312818800292877,4.387316629587716,0
738,Paris,Zurich,487.8773490475774,9.889142734595382,2.4393867452378872,0
739,Paris,Vienna,1033.4922772841828,8.401741139467791,5.167461386420914,0
740,Paris,Rome,1105.2801487141146,11.490496496267193,5.526400743570573,0
741,Frankfurt,Amsterdam,363.4216583446053,9.343904757421237,1.8171082917230266,0
742,Frankfurt,Berlin,423.5280249380463,7.978929669059733,2.1176401246902317,0
743,Frankfurt,Zurich,304.1810276161854,4.961679650081006,1.520905138080927,0
744,Frankfurt,Vienna,597.6455836046576,6.358297914372995,2.9882279180232882,0
745,Frankfurt,Rome,958.7278338574287,13.603881994001242,4.793639169287143,0
746,Amsterdam,Berlin,576.0871999159892,8.67293764002193,2.8804359995799462,0
747,Amsterdam,Zurich,612.9263221594731,12.181189125726911,3.0646316107973655,0
748,Amsterdam,Vienna,935.4450575969296,15.314052327294018,4.677225287984648,0
749,Amsterdam,Rome,1295.9496221016386,12.111373251126198,6.4797481105081935,0
750,Berlin,Zurich,669.0830018616773,11.320437128964675,3.3454150093083865,0
751,Berlin,Vienna,523.5449953624505,7.557377363474934,2.617724976812253,0
752,Berlin,Rome,1182.5461961338704,10.282055260309495,5.912730980669352,0
753,Zurich,Vienna,592.0648666611066,8.637312414387344,2.9603243333055334,0
754,Zurich,Rome,684.1759092144201,8.957188276251662,3.4208795460721007,0
755,Vienna,Rome,764.1671614916593,13.77904691193996,3.8208358074582964,0
756,London,Paris,343.55606034104164,6.529280774437533,1.7177803017052082,0
757,London,Frankfurt,637.7668789118289,9.750011305241548,3.188834394559145,0
758,London,Amsterdam,357.8875011228778,7.675777784607028,1.789437505614389,0
759,London,Berlin,931.5694204688527,13.856895449677243,4.657847102344264,0
760,London,Zurich,776.2341438374208,12.333154479218384,3.881170719187104,0
761,London,Vienna,1235.408027341829,12.652903038784146,6.177040136709145,0
762,London,Rome,1433.7813071157893,13.215730637833401,7.168906535578947,0
763,Paris,Frankfurt,477.89165377032487,9.048477467971905,2.3894582688516244,0
764,Paris,Amsterdam,429.8613896967422,7.458804406995623,2.1493069484837113,0
765,Paris,Berlin,877.4633259175432,12.343113154120655,4.387316629587716,0
766,Paris,Zurich,487.8773490475774,10.244401000892417,2.4393867452378872,0
767,Paris,Vienna,1033.4922772841828,10.475788401580443,5.167461386420914,0
768,Paris,Rome,1105.2801487141146,8.192523475569155,5.526400743570573,0
769,Frankfurt,Amsterdam,363.4216583446053,6.411722364106818,1.8171082917230266,0
770,Frankfurt,Berlin,423.5280249380463,7.273533432441055,2.1176401246902317,0
771,Frankfurt,Zurich,304.1810276161854,6.364197062769604,1.520905138080927,0
772,Frankfurt,Vienna,597.6455836046576,8.069742965321561,2.9882279180232882,0
773,Frankfurt,Rome,958.7278338574287,14.668624029236744,4.793639169287143,0
774,Amsterdam,Berlin,576.0871999159892,11.009245848831705,2.8804359995799462,0
775,Amsterdam,Zurich,612.9263221594731,10.302203830707198,3.0646316107973655,0
776,Amsterdam,Vienna,935.4450575969296,13.74152678152886,4.677225287984648,0
777,Amsterdam,Rome,1295.9496221016386,9.545544495666107,6.4797481105081935,0
778,Berlin,Zurich,669.0830018616773,9.664901750983907,3.3454150093083865,0
779,Berlin,Vienna,523.5449953624505,10.40083442131933,2.617724976812253,0
780,Berlin,Rome,1182.5461961338704,10.757576803881022,5.912730980669352,0
781,Zurich,Vienna,592.0648666611066,10.243917419354432,2.9603243333055334,0
782,Zurich,Rome,684.1759092144201,7.954612781300457,3.4208795460721007,0
783,Vienna,Rome,764.1671614916593,9.305204451977328,3.8208358074582964,0
784,London,Paris,343.55606034104164,6.163715944777657,1.7177803017052082,0
785,London,Frankfurt,637.7668789118289,8.192941842743142,3.188834394559145,0
786,London,Amsterdam,357.8875011228778,5.1811021028534565,1.789437505614389,0
787,London,Berlin,931.5694204688527,12.538992702347926,4.657847102344264,0
788,London,Zurich,776.2341438374208,12.380996878099378,3.881170719187104,0
789,London,Vienna,1235.408027341829,9.194898875430448,6.177040136709145,0
790,London,Rome,1433.7813071157893,9.619844203676916,7.168906535578947,0
791,Paris,Frankfurt,477.89165377032487,9.57551394077375,2.3894582688516244,0
792,Paris,Amsterdam,429.8613896967422,7.374714578655216,2.1493069484837113,0
793,Paris,Berlin,877.4633259175432,12.05058764521605,4.387316629587716,0
794,Paris,Zurich,487.8773490475774,9.459204295714937,2.4393867452378872,0
795,Paris,Vienna,1033.4922772841828,8.090246836323741,5.167461386420914,0
796,Paris,Rome,1105.2801487141146,8.358546346575798,5.526400743570573,0
797,Frankfurt,Amsterdam,363.4216583446053,4.851439702329295,1.8171082917230266,0
798,Frankfurt,Berlin,423.5280249380463,9.131872718047072,2.1176401246902317,0
799,Frankfurt,Zurich,304.1810276161854,6.148217690127238,1.520905138080927,0
